PrimarySatellite,SecondarySatellite,TCA_EpDay,TCA_UTCG,Range,RangeX,RangeY,RangeZ,Velocity,VelocityX,VelocityY,VelocityZ,Latitude,Longitude,Altitude,PrimaryAge,SecondaryAge,PrimaryCluster,SecondaryCluster,DateGenerated
13649--SL-8 R/B,16682--SL-8 R/B,0.0163026157407,2019-06-26 00:23:28.546000,1.96007461745,-1.72703920395,0.393493544101,0.839280003763,13.4957765709,0.0113632858935,12.2280597445,-5.71055260127,-49.56139665,10.1877376316,798.453027936,2019-06-25 05:26:46,2019-06-25 11:32:27,775,775,2019-06-27 00:00:00,
11321--SL-8 R/B,16511--SL-8 R/B,0.0342454282407,2019-06-26 00:49:18.805000,3.67435401204,2.23532955284,0.609648913612,2.85175514344,14.3808866581,0.00680317547979,14.0619153496,-3.01204108367,-54.2180335165,95.9923852026,997.679625505,2019-06-25 12:13:23,2019-06-25 02:56:17,975,975,2019-06-27 00:00:00,
27387--ARIANE 5 R/B,11574--SL-8 R/B,0.0539294791667,2019-06-26 01:17:39.507000,1.36972529778,0.742003128873,-0.140050907918,-1.14278803429,14.8663022777,0.0137380696524,14.7568366104,-1.80070206581,56.0982687246,26.8022416006,758.839641559,2019-06-25 11:20:50,2019-06-25 11:41:16,775N,775,2019-06-27 00:00:00,
22006--COSMOS 2195,13113--METEOR 2-8,0.056306875,2019-06-26 01:21:04.914000,1.87000473837,-1.86561830241,0.0174639536296,0.126811204442,14.6334387563,0.0108849134515,14.5162765818,-1.84800583176,-2.23365748587,34.1914991982,957.977907941,2019-06-25 11:04:01,2019-06-25 11:46:07,975,LEO,2019-06-27 00:00:00,
10355--SL-8 R/B,10459--COSMOS 962,0.0614775115741,2019-06-26 01:28:31.657000,4.13955650695,3.3031673265,2.45047992961,-0.469214025728,0.265983528451,0.0378290314935,-0.000580565765526,0.263279062454,-82.9805909501,-158.822799812,1022.26191871,2019-06-25 12:28:12,2019-06-25 12:27:59,975,975,2019-06-27 00:00:00,
19257--SL-8 R/B,8923--COSMOS 836,0.0718340625,2019-06-26 01:43:26.463000,2.68870248719,-2.66172554653,0.379909164677,-0.00268442146746,1.33030240453,0.0175773136924,0.113680166558,-1.32531971436,74.0674226755,93.5483594591,778.896337492,2019-06-25 12:15:56,2019-06-25 11:54:38,775,775,2019-06-27 00:00:00,
9044--SL-8 R/B,19922--SL-8 R/B,0.0856557523148,2019-06-26 02:03:20.657000,4.71155408542,2.03928042075,1.19902444667,-4.07460644009,14.1005996306,0.0126409353547,13.5250830673,3.98733973631,-64.4302361067,128.833674689,1001.70194395,2019-06-25 07:45:30,2019-06-25 07:25:46,975,975,2019-06-27 00:00:00,
5846--COSMOS 475,10744--COSMOS 996,0.0873879513889,2019-06-26 02:05:50.319000,4.04154030167,1.23704313278,1.19060978677,-3.65871844138,13.955817605,0.028613882738,13.2682867077,4.32626791947,-49.8100404358,78.4764033001,1010.01128353,2019-06-25 02:43:13,2019-06-25 11:35:13,975,975,2019-06-27 00:00:00,
25592--SL-8 R/B,10137--COSMOS 926,0.101684108796,2019-06-26 02:26:25.507000,3.09227023309,-3.04835870449,-0.0831400546593,0.512574028338,14.5391857665,0.00794465968061,14.3448998685,2.36890426082,-41.1995155551,-37.0914119574,982.922343772,2019-06-25 14:52:13,2019-06-25 06:39:35,975,975,2019-06-27 00:00:00,
21667--SL-8 R/B,9637--COSMOS 887,0.118363402778,2019-06-26 02:50:26.598000,1.69749304164,-1.65928783614,-0.291849426754,0.207534130572,8.81598463224,-0.0483962803336,5.29207899314,7.05075476573,-81.1869467343,169.296632422,1007.70059306,2019-06-25 12:21:52,2019-06-25 08:27:03,975,975,2019-06-27 00:00:00,
20509--SL-8 R/B,14965--COSMOS 1550,0.136556157407,2019-06-26 03:16:38.452000,3.39844662361,-2.70759746511,-0.512252446262,-1.98895773001,14.2212569935,-0.0148558073829,13.7764069029,-3.52909940717,60.5764019559,-17.7480773461,1013.31664977,2019-06-26 00:57:09,2019-06-25 09:46:44,975,975,2019-06-27 00:00:00,
17360--SL-8 R/B,27006--SL-16 R/B,0.146964108796,2019-06-26 03:31:37.699000,3.32643041784,1.49043398852,-1.3064743607,2.67149220389,13.206706312,0.0171414470892,11.8671120872,5.79555420056,80.500747114,-117.353025219,1011.49321835,2019-06-25 06:42:05,2019-06-25 09:54:00,975,975N,2019-06-27 00:00:00,
6020--SL-8 R/B,9637--COSMOS 887,0.150580833333,2019-06-26 03:36:50.184000,4.8177981317,-2.26663870958,1.85685057288,3.8243474931,13.2412138661,0.0375047520325,11.9202051866,-5.76515796408,62.3782910856,-61.2701193556,994.0186733,2019-06-25 06:54:49,2019-06-25 08:27:03,975,975,2019-06-27 00:00:00,
5846--COSMOS 475,10744--COSMOS 996,0.160080324074,2019-06-26 03:50:30.940000,2.5633509443,1.33377638187,-0.680805261312,2.08045976241,13.9579289465,0.0304728724391,13.2722218389,4.32099286471,-49.8126181546,52.1120149485,1010.02193037,2019-06-26 02:53:57,2019-06-25 11:35:13,975,975,2019-06-27 00:00:00,
13259--COSMOS 1375,27436--COSMOS 2389,0.175234363426,2019-06-26 04:12:20.249000,3.55302691813,-0.258229408075,3.08798617703,-1.73829204227,7.26136688954,0.0352654654059,3.5640606597,6.3264268798,65.1397059313,81.9840735821,972.328362084,2019-06-25 22:32:06,2019-06-26 03:57:56,975,975,2019-06-27 00:00:00,
5731--METEOR 1-10,22823--SPOT 3,0.211485104167,2019-06-26 05:04:32.313000,2.15999310092,-1.03187988189,-0.0158924681143,-1.89750929769,14.8708669381,-0.0210266831113,14.8703999126,-0.115964683095,67.7301565316,14.4249095419,849.18854197,2019-06-25 10:02:06,2019-06-26 01:10:20,850N,850N,2019-06-27 00:00:00,
11378--COSMOS 1104,19921--COSMOS 2016,0.215953125,2019-06-26 05:10:58.350000,2.85589212876,1.30168106858,-1.2892947094,-2.19076822122,12.7364413177,0.0114987447134,10.9791543315,-6.45561580216,76.0799416811,-51.7535365445,968.544253044,2019-06-25 11:48:22,2019-06-25 09:56:18,975,975,2019-06-27 00:00:00,
14547--SL-8 R/B,16291--COSMOS 1704,0.218732280093,2019-06-26 05:14:58.469000,3.95811678989,-3.17546724671,2.15933115809,-0.959367102403,5.98721672823,0.0062259713272,2.4390025983,5.46790560576,82.3015154783,-25.2310006588,1007.72359238,2019-06-25 07:54:18,2019-06-26 05:07:30,975,975,2019-06-27 00:00:00,
9637--COSMOS 887,24953--COSMOS 2346,0.222166608796,2019-06-26 05:19:55.195000,4.39723953185,-3.69726518246,0.525797153574,-2.32152601199,14.3182318221,-0.0371413836873,13.9516456297,3.21900097114,57.0243490097,-89.9021748741,998.134361765,2019-06-26 05:18:16,2019-06-25 06:38:42,975,975,2019-06-27 00:00:00,
15398--COSMOS 1610,17066--COSMOS 1791,0.236705185185,2019-06-26 05:40:51.328000,4.58889814176,2.97073918031,1.38348839785,3.21226629205,13.5101177035,0.0591231300888,12.3887670406,-5.38871376416,72.1305350727,13.7308779709,990.667499308,2019-06-26 05:29:51,2019-06-26 00:39:24,975,975,2019-06-27 00:00:00,
5731--METEOR 1-10,22823--SPOT 3,0.282181030093,2019-06-26 06:46:20.441000,2.81988040694,-1.04772455106,0.0157121814313,2.61796713155,14.87084275,-0.0214645317841,14.8704969075,-0.0991216107316,66.8356517917,-12.1500606162,849.115903732,2019-06-25 10:02:06,2019-06-26 01:10:20,850N,850N,2019-06-27 00:00:00,
9638--SL-8 R/B,13757--COSMOS 1428,0.295647002315,2019-06-26 07:05:43.901000,3.48206593811,1.01200945309,2.76382351995,1.86061807331,8.22242084694,-0.0459114361855,4.60315827076,-6.81300452506,-81.5011989549,67.2532399499,1012.3919164,2019-06-25 10:38:48,2019-06-26 00:52:02,975,975,2019-06-27 00:00:00,
22308--SL-8 R/B,10991--COSMOS 1027,0.314155844907,2019-06-26 07:32:23.065000,4.8724791132,-3.7705744999,1.30975622376,-2.79434415984,13.335697494,0.01007674325,12.080500875,5.64820544243,-73.1830095031,-71.8499704307,990.285806605,2019-06-26 01:26:22,2019-06-26 05:05:14,975,975,2019-06-27 00:00:00,
13111--SL-8 R/B,25590--COSMOS 2361,0.32030255787,2019-06-26 07:41:14.141000,4.70669418625,1.70321130289,-0.684555938439,4.33398483935,14.4804118744,0.0212872664888,14.3041453321,2.2523989929,-37.9403555219,85.6983581896,1021.2646752,2019-06-25 09:44:51,2019-06-26 00:12:44,975,975,2019-06-27 00:00:00,
8645--COSMOS 800,10917--COSMOS 1011,0.322933136574,2019-06-26 07:45:01.423000,4.68438961826,1.56979251117,-4.38443533392,0.505948979901,1.6758505945,0.0096008628416,0.195519304484,1.66437833442,82.9269641065,-122.437731721,1014.88683487,2019-06-26 04:09:28,2019-06-25 12:42:57,975,975,2019-06-27 00:00:00,
10961--COSMOS 1023,15482--COSMOS 1624,0.332127511574,2019-06-26 07:58:15.817000,0.832830086437,-0.698596515267,0.337640954832,-0.302601135741,9.98018886454,0.0194860471703,6.67936867385,7.41551240202,-68.4024606187,1.12252630441,800.216613939,2019-06-26 03:18:23,2019-06-26 03:46:15,775,775,2019-06-27 00:00:00,
13066--SL-8 R/B,10358--COSMOS 952,0.339583032407,2019-06-26 08:08:59.974000,3.57573341765,1.01002993971,1.83742003638,2.89648003703,12.4118682124,-0.0368244768851,10.4871736178,-6.63869761242,-57.3967942727,-178.007642603,996.647017039,2019-06-26 02:17:43,2019-06-26 05:00:40,975,975,2019-06-27 00:00:00,
15752--SL-8 R/B,25592--SL-8 R/B,0.34008037037,2019-06-26 08:09:42.944000,3.85131082049,2.6727742614,0.626713696127,2.70112989815,14.3292014405,-0.0197588531092,13.9626724887,-3.22015535072,56.9491036075,-106.166106923,1003.79251571,2019-06-26 00:34:12,2019-06-25 14:52:13,975,975,2019-06-27 00:00:00,
21797--SL-8 R/B,21152--NADEZHDA 3,0.378758923611,2019-06-26 09:05:24.771000,1.69603584925,0.863494205605,-0.311602306255,1.42612038818,14.3463573105,0.0486595045683,14.0216538098,3.03460454964,-54.6336141862,172.667811427,1012.02983015,2019-06-26 04:23:09,2019-06-26 03:14:47,975,975,2019-06-27 00:00:00,
10692--COSMOS 991,15055--COSMOS 1574,0.386040509259,2019-06-26 09:15:53.900000,2.08436715486,-0.490580207077,0.339797967738,-1.99711162377,14.4701689795,-0.0192930232986,14.2642351082,2.4324914906,43.4940062533,-80.0976881248,1009.54937005,2019-06-25 12:25:20,2019-06-25 12:12:22,975,975,2019-06-27 00:00:00,
7434--SL-8 R/B,6059--COSMOS 494,0.404776840278,2019-06-26 09:42:52.719000,4.61422037581,1.49491225734,1.96811228168,3.89651139689,13.3289304585,0.0336544586527,11.892580775,-6.01878534728,52.6315517053,34.5927275072,780.746973258,2019-06-25 11:24:51,2019-06-26 04:26:21,775,775,2019-06-27 00:00:00,
35946--WORLDVIEW 2,19256--COSMOS 1954,0.429970833333,2019-06-26 10:19:09.480000,2.00388775572,-1.70980475707,-0.424663620309,0.954879384958,13.6238412046,0.00646918663183,12.4428930748,5.54828074676,-73.8710356127,-145.426395925,793.654313208,2019-06-26 03:59:29,2019-06-26 00:42:18,775N,775,2019-06-27 00:00:00,
7350--SL-8 R/B,9613--SL-8 R/B,0.433510636574,2019-06-26 10:24:15.319000,4.55756227313,-4.55579115237,-0.0715699197353,0.104969500531,11.9113962374,0.00827584048568,9.66385688158,6.96355957879,-77.9445206605,107.972023303,1007.01902785,2019-06-26 04:06:19,2019-06-26 00:25:39,975,975,2019-06-27 00:00:00,
18130--SL-8 R/B,25893--SL-8 R/B,0.434741643519,2019-06-26 10:26:01.678000,4.93705881213,-4.88490046848,-0.129183520191,-0.703994847717,14.4449554305,-0.00165202169574,14.2083947441,-2.60350791349,-47.0541478589,115.818613961,1002.52934749,2019-06-26 00:36:46,2019-06-26 04:00:24,975,975,2019-06-27 00:00:00,
8421--SL-8 R/B,27006--SL-16 R/B,0.446094236111,2019-06-26 10:42:22.542000,3.16558828075,0.241934230393,-3.0736410695,0.717737812354,3.39455547373,0.0188502572435,0.773256199755,3.30525738507,51.8389338769,67.2200265835,998.715924955,2019-06-26 00:17:57,2019-06-26 05:08:50,975,975N,2019-06-27 00:00:00,
6323--COSMOS 540,33397--SL-24 R/B,0.44852818287,2019-06-26 10:45:52.835000,2.62391845341,-2.44319937696,-0.884402299344,0.365455096404,4.00069187697,0.217597842854,0.99706914829,3.86833811691,36.727316309,-177.981799477,786.950702968,2019-06-26 05:05:35,2019-06-25 08:44:01,775,LEO,2019-06-27 00:00:00,
7009--SL-8 R/B,11238--COSMOS 1072,0.457579363426,2019-06-26 10:58:54.857000,4.75842993429,-0.596950939981,-0.591307650262,4.68365885581,14.6372001519,0.00600644833029,14.5218482983,1.83398860724,-11.7273051801,33.5083400694,966.61399564,2019-06-25 09:27:45,2019-06-26 10:22:46,975,975,2019-06-27 00:00:00,
21231--SL-8 R/B,10692--COSMOS 991,0.46751912037,2019-06-26 11:13:13.652000,3.06864902728,-0.441574245888,2.80664234816,1.15947305596,5.62115722825,0.0386166574361,2.15153271758,-5.19295910861,82.4221912566,-49.1672702942,1007.37735873,2019-06-26 10:59:55,2019-06-25 12:25:20,975,975,2019-06-27 00:00:00,
11326--COSMOS 1092,27006--SL-16 R/B,0.482809467593,2019-06-26 11:35:14.738000,3.7033254438,-3.70051303165,-0.0089175094477,0.144024731663,14.6614260589,-0.0176083088716,14.6534200613,0.484132767708,-50.6108231638,-126.51436886,1018.12231557,2019-06-25 10:36:08,2019-06-26 05:08:50,975,975N,2019-06-27 00:00:00,
18130--SL-8 R/B,25893--SL-8 R/B,0.507427164352,2019-06-26 12:10:41.707000,4.91490962849,-4.9116307028,-0.0326478319016,-0.17650669862,14.4448459084,-0.00175039496266,14.2082865155,-2.60349083841,-47.0656661049,89.5291555462,1002.57342492,2019-06-26 00:36:46,2019-06-26 11:11:32,975,975,2019-06-27 00:00:00,
21015--SL-8 R/B,14401--COSMOS 1503,0.519786909722,2019-06-26 12:28:29.589000,3.28232671048,1.91719054732,-1.15500249378,2.4008369955,13.4594768305,-0.00051438429147,12.1287136952,5.83539376449,50.7690710975,139.833291674,785.674712482,2019-06-26 11:00:46,2019-06-26 05:10:54,775,775,2019-06-27 00:00:00,
15398--COSMOS 1610,23773--COSMOS 2327,0.524547071759,2019-06-26 12:35:20.867000,4.97229764166,-2.05911513118,-4.47663174103,0.666000727447,1.94627548759,0.0578584469286,0.260209802729,1.92793452489,82.9366964721,-164.67261268,985.693812806,2019-06-26 05:29:51,2019-06-26 10:56:42,975,975,2019-06-27 00:00:00,
14679--COSMOS 1535,15077--COSMOS 1577,0.533962615741,2019-06-26 12:48:54.370000,3.66097751928,2.67363845252,2.24902537844,1.09375439155,6.45668850809,-0.0165296667149,2.8398648348,-5.79859646644,82.1882969924,-111.469191271,1021.53829361,2019-06-25 06:59:31,2019-06-26 10:58:47,975,975,2019-06-27 00:00:00,
8646--SL-8 R/B,20578--SL-8 R/B,0.543459803241,2019-06-26 13:02:34.927000,4.16816468879,2.38934483085,3.34566506605,-0.686406161065,2.95282828303,-0.003747622546,0.596007850072,2.89205039151,-82.8413197768,-40.0592722853,1017.63570272,2019-06-25 11:50:42,2019-06-25 11:51:09,975,975,2019-06-27 00:00:00,
8419--COSMOS 778,21937--COSMOS 2184,0.548561331019,2019-06-26 13:09:55.699000,3.50316824555,3.49897307694,0.0123898453555,0.170943427027,14.5717909842,0.0483123219873,14.4291794605,-2.03311054854,-28.5721236451,83.7842112371,992.714845703,2019-06-26 12:25:49,2019-06-26 12:04:40,975,975,2019-06-27 00:00:00,
23432--SL-8 R/B,13241--COSMOS 1371,0.570790416667,2019-06-26 13:41:56.292000,2.49686503672,-2.48757643344,0.0583219650678,-0.207116024841,14.3389043277,-0.0109039087569,13.7676224061,4.00707271072,10.4609080582,-91.0083330307,779.253892754,2019-06-26 02:32:58,2019-06-26 11:14:01,775,775,2019-06-27 00:00:00,
18130--SL-8 R/B,25893--SL-8 R/B,0.580112708333,2019-06-26 13:55:21.738000,4.94108632389,-4.92714802036,0.0662509977731,0.364907181259,14.4447487532,-0.00183979271434,14.2081912631,-2.60347156506,-47.0773528226,63.2397312852,1002.61748343,2019-06-26 00:36:46,2019-06-26 11:11:32,975,975,2019-06-27 00:00:00,
6708--SL-8 R/B,13065--COSMOS 1339,0.593011539352,2019-06-26 14:13:56.197000,4.60330536888,4.30724088721,-0.216833048801,1.60968310163,14.5842701742,-0.0427182203958,14.438327024,2.05762591707,29.2839568395,108.012897777,983.534131605,2019-06-26 07:21:28,2019-06-26 04:46:43,975,975,2019-06-27 00:00:00,
20670--METEOR 2-19,13113--METEOR 2-8,0.595690127315,2019-06-26 14:17:47.627000,4.34888052358,2.34309628854,0.491342211228,-3.63059835598,14.6473258922,-0.0171570595174,14.5164878112,1.95331591249,13.5555202711,17.571584814,938.531344099,2019-06-26 10:45:46,2019-06-26 12:03:11,975N,LEO,2019-06-27 00:00:00,
7094--COSMOS 628,18985--COSMOS 1934,0.614310439815,2019-06-26 14:44:36.422000,3.61865496687,1.68872786368,3.12908836933,0.672062458898,3.07191987908,0.00212554198473,0.643951515621,-3.0036667044,-82.8352214771,30.1908316707,1032.34307596,2019-06-26 08:31:06,2019-06-26 08:11:42,975,975,2019-06-27 00:00:00,
7350--SL-8 R/B,9613--SL-8 R/B,0.614994155093,2019-06-26 14:45:35.495000,2.90957756959,2.58560067186,-0.779995714004,-1.08255137768,11.9643604776,-0.00346147676364,9.70439220872,-6.99790550919,77.9511840772,-137.698646984,978.012695785,2019-06-26 11:20:39,2019-06-26 00:25:39,975,975,2019-06-27 00:00:00,
18130--SL-8 R/B,25893--SL-8 R/B,0.616539641204,2019-06-26 14:47:49.025000,4.88460051477,4.29151523025,-0.418251498498,2.2950566227,14.508942322,-0.00962350515878,14.2710306069,2.6166773033,47.0205161773,-129.952415607,974.619530627,2019-06-26 00:36:46,2019-06-26 11:11:32,975,975,2019-06-27 00:00:00,
14241--SL-8 R/B,13991--COSMOS 1452,0.617048009259,2019-06-26 14:48:32.948000,2.5582039135,2.34002931778,0.367584425343,-0.96620481538,13.9698070756,-0.0288318562916,13.0786469642,4.90954906694,38.7223983587,-153.977004876,789.057665436,2019-06-25 11:52:20,2019-06-26 11:19:27,775,775,2019-06-27 00:00:00,
6148--COSMOS 514,10141--COSMOS 928,0.617874386574,2019-06-26 14:49:44.347000,4.53758048221,-0.891159252986,0.586729732219,4.41035373181,14.6217711767,-0.000888377684089,14.4939770918,-1.92894261618,-22.0846743631,84.6557331451,962.518383614,2019-06-26 03:58:43,2019-06-26 11:26:49,975,975,2019-06-27 00:00:00,
18161--SL-8 R/B,32053--SL-8 R/B,0.630099699074,2019-06-26 15:07:20.614000,4.46739575845,0.341650583797,-4.2708239461,1.26529149315,4.16454793205,-0.027888220364,1.18077283607,3.99355195723,-82.6946659869,26.2110500641,1019.34035482,2019-06-26 07:08:43,2019-06-25 10:15:04,975,975,2019-06-27 00:00:00,
10918--SL-8 R/B,27819--SL-8 R/B,0.632206585648,2019-06-26 15:10:22.649000,3.25853286814,3.25677449357,-0.0839694861918,0.0663737611227,7.52505854796,-0.0321853106541,3.85534332773,6.46233689012,-81.7978261781,-65.3222758356,1024.82286474,2019-06-25 10:30:16,2019-06-26 10:54:56,975,975,2019-06-27 00:00:00,
12836--SL-8 R/B,21938--SL-8 R/B,0.648989756944,2019-06-26 15:34:32.715000,2.84303070193,0.817701677326,2.15428266245,1.66530890506,9.01275946597,-0.00241121198641,5.51276813329,-7.13016233238,-81.093937513,-28.4441964973,989.961337311,2019-06-26 07:38:24,2019-06-26 11:17:29,975,975,2019-06-27 00:00:00,
13949--COSMOS 1448,27001--METEOR 3M,0.651203136574,2019-06-26 15:37:43.951000,3.67964592978,1.74652975434,0.741248007224,-3.15277328357,14.2867559379,-0.0178287656832,13.9096050162,3.26097618204,-80.0060476302,-124.139295373,1024.96653575,2019-06-26 11:24:08,2019-06-25 08:44:08,975,975N,2019-06-27 00:00:00,
20670--METEOR 2-19,13113--METEOR 2-8,0.667931134259,2019-06-26 16:01:49.250000,2.43016406866,2.36464650859,0.077503585297,-0.555101327954,14.6473572432,-0.0167623414612,14.5165189616,1.95332293072,13.4643630692,-8.57637081723,938.517848394,2019-06-26 10:45:46,2019-06-26 12:03:11,975N,LEO,2019-06-27 00:00:00,
31793--SL-16 R/B,19650--SL-16 R/B,0.668609398148,2019-06-26 16:02:47.852000,2.87396187013,-2.36046461418,1.62373570402,0.226596557073,1.91322127914,-0.00899966926348,0.251562140991,-1.89658934884,-70.9155982437,23.1065627309,868.879068172,2019-06-26 11:44:48,2019-06-26 11:22:20,850,850,2019-06-27 00:00:00,
10138--SL-8 R/B,14680--SL-8 R/B,0.684130381944,2019-06-26 16:25:08.865000,4.96097504256,-3.19220688056,0.952368573262,3.6761505281,14.2789092653,0.036991809084,13.8304301075,-3.55036398907,60.5076761422,64.7823739205,980.208988528,2019-06-26 07:40:58,2019-06-26 11:24:46,975,975,2019-06-27 00:00:00,
7350--SL-8 R/B,9613--SL-8 R/B,0.687626157407,2019-06-26 16:30:10.900000,4.75621650602,2.57460989988,2.3399030138,3.24312090457,11.964285946,-0.00658285589264,9.70434920917,-6.99783547184,77.9224174366,-163.872574027,978.055628517,2019-06-26 11:20:39,2019-06-26 00:25:39,975,975,2019-06-27 00:00:00,
18130--SL-8 R/B,25893--SL-8 R/B,0.68922494213,2019-06-26 16:32:29.035000,4.66482835866,4.30683352483,-0.320142196238,1.76332571561,14.5090337793,-0.00973044934526,14.2711194188,2.61669965042,47.0320619721,-156.241797207,974.583272245,2019-06-26 00:36:46,2019-06-26 11:11:32,975,975,2019-06-27 00:00:00,
10777--SL-8 R/B,11586--SL-8 R/B,0.7201690625,2019-06-26 17:17:02.607000,1.97497921841,-1.96636517195,-0.0399536074375,0.179873936259,14.3462360304,0.00118294487383,13.9974873842,3.14401554854,56.0603789927,-122.737237728,993.799857538,2019-06-26 03:38:12,2019-06-26 06:14:17,975,975,2019-06-27 00:00:00,
13649--SL-8 R/B,16864--SL-8 R/B,0.722143912037,2019-06-26 17:19:53.234000,0.863613172467,-0.690640090223,-0.41662582244,0.308653367892,8.86388242081,-0.00766909178784,5.2833681093,7.11718864276,-70.0495251734,-137.251314644,804.467502694,2019-06-26 06:40:58,2019-06-26 11:08:25,775,775,2019-06-27 00:00:00,
21015--SL-8 R/B,13148--COSMOS 1354,0.727434340278,2019-06-26 17:27:30.327000,3.43579457222,-3.1222513653,0.550534983692,-1.3240626821,13.7921780884,0.00100567707897,12.7375354094,5.28955263757,44.3784746242,60.2700041795,782.43334942,2019-06-26 11:00:46,2019-06-26 16:50:15,775,775,2019-06-27 00:00:00,
13758--SL-8 R/B,25592--SL-8 R/B,0.738600775463,2019-06-26 17:43:35.107000,3.59045375198,-3.41220120355,-0.202596877507,1.09872453179,14.460733105,-0.00566665822372,14.2233795663,2.60926110944,-47.1069638115,-73.6702926325,995.324404916,2019-06-26 07:30:21,2019-06-26 13:30:34,975,975,2019-06-27 00:00:00,
20670--METEOR 2-19,13113--METEOR 2-8,0.740172141204,2019-06-26 17:45:50.873000,3.48775562547,2.38726896623,-0.336467394879,2.52035233212,14.6473888722,-0.0163678497388,14.5165510511,1.95332497302,13.3732038788,-34.7243169056,938.504480944,2019-06-26 10:45:46,2019-06-26 12:03:11,975N,LEO,2019-06-27 00:00:00,
12087--COSMOS 1225,21796--COSMOS 2173,0.740942962963,2019-06-26 17:46:57.472000,4.045912634,-2.04670830409,3.09176076457,1.61907675376,6.8305069507,0.0323814173332,3.18587885593,-6.04193284991,82.060873464,137.026921688,1026.19513245,2019-06-26 10:51:57,2019-06-26 16:24:59,975,975,2019-06-27 00:00:00,
8873--COSMOS 823,16727--COSMOS 1745,0.74270693287,2019-06-26 17:49:29.879000,3.78940295803,-3.60652119976,-1.13315271165,-0.261810133679,3.25486928731,0.00148844754791,0.728210883137,-3.17236201775,-82.8156092325,-73.1067949531,1032.94998545,2019-06-26 11:48:36,2019-06-26 11:47:53,975,975,2019-06-27 00:00:00,
14966--SL-8 R/B,16510--COSMOS 1727,0.757341655093,2019-06-26 18:10:34.319000,4.39357071682,-2.5435875287,-1.03890117301,3.42845599071,14.0465846545,-0.0186748013552,13.4472949361,4.05911943766,-65.0775959724,65.05456798,1017.47116057,2019-06-26 11:47:08,2019-06-26 10:15:00,975,975,2019-06-27 00:00:00,
18130--SL-8 R/B,25893--SL-8 R/B,0.76191025463,2019-06-26 18:17:09.046000,4.49969511144,4.32216561584,-0.222826987644,1.23145792408,14.5091249927,-0.00983822632647,14.2712080122,2.61672182977,47.0436044858,177.468822347,974.547134674,2019-06-26 00:36:46,2019-06-26 11:11:32,975,975,2019-06-27 00:00:00,
20670--METEOR 2-19,13113--METEOR 2-8,0.776253055556,2019-06-26 18:37:48.264000,4.19295675903,2.55061689526,0.441875508494,3.29848235885,14.5967885643,0.0107785519351,14.4664053748,-1.94659593763,-13.5439848,132.245856998,963.945165914,2019-06-26 10:45:46,2019-06-26 12:03:11,975N,LEO,2019-06-27 00:00:00,
7274--METEOR 1-17,24298--SL-16 R/B,0.782628148148,2019-06-26 18:46:59.072000,4.24886286749,1.70439842493,-3.62353787496,1.4205051723,5.38101669736,-0.0156721431023,1.95756307837,5.01228908537,-69.388816554,39.4701421405,881.101537826,2019-06-26 15:42:33,2019-06-26 10:40:22,850N,850,2019-06-27 00:00:00,
16292--SL-8 R/B,11735--COSMOS 1168,0.78297625,2019-06-26 18:47:29.148000,0.959309154942,0.958086576332,0.00687847726359,-0.0479255000883,14.5553501076,-0.00698056980107,14.4154464613,2.01322411751,27.4159062821,-19.4085739828,997.039643223,2019-06-26 11:40:54,2019-06-26 11:20:53,975,975,2019-06-27 00:00:00,
9510--SL-8 R/B,16728--SL-8 R/B,0.783394351852,2019-06-26 18:48:05.272000,2.80653899095,-1.02159040721,2.41484628135,1.00076549954,5.64872454031,0.00478341869817,2.16463086705,-5.21751274657,-82.4018122583,-114.51291188,982.947587656,2019-06-26 10:32:04,2019-06-25 10:37:13,975,975,2019-06-27 00:00:00,
24772--COSMOS 2341,9634--COSMOS 886,0.797789594907,2019-06-26 19:08:49.021000,4.34490523006,4.28004303014,0.702539578123,0.256653968462,6.07724294354,-0.713140710617,2.30746337093,5.57673066532,-62.9422530864,-9.73356411412,1038.35258622,2019-06-26 11:13:44,2019-06-26 10:01:05,975,GTO,2019-06-27 00:00:00,
31793--SL-16 R/B,19120--SL-16 R/B,0.807857291667,2019-06-26 19:23:18.870000,2.97373467208,2.88192317276,0.606349873341,0.412257877208,8.38277444726,-0.00867229768165,4.74161036424,-6.91288386845,-66.8606062975,-56.5430127069,867.815166726,2019-06-26 11:44:48,2019-06-26 11:17:27,850,850,2019-06-27 00:00:00,
10962--SL-8 R/B,18585--COSMOS 1898,0.826064282407,2019-06-26 19:49:31.954000,4.48842991327,1.1018645218,1.28228146371,4.157842218,14.2727795518,0.0125444846959,13.6376513362,-4.21029034664,21.2424111774,-104.950830926,773.214949396,2019-06-26 12:25:55,2019-06-26 06:19:30,775,775,2019-06-27 00:00:00,
20805--SL-8 R/B,21089--COSMOS 2123,0.829830115741,2019-06-26 19:54:57.322000,4.80067410503,-4.31446156275,-0.39911863731,-2.06702626971,14.4204019681,0.00663296983555,14.1556923061,-2.75033166383,-49.9353788685,-153.168080975,1003.46245646,2019-06-26 12:21:57,2019-06-26 05:15:22,975,975,2019-06-27 00:00:00,
14966--SL-8 R/B,16510--COSMOS 1727,0.830139097222,2019-06-26 19:55:24.018000,3.62648361564,-2.59964409375,-0.733909532433,2.41963030203,14.0464696308,-0.0189755277753,13.4471841879,4.05908689654,-65.0642249041,38.7316699398,1017.49841763,2019-06-26 11:47:08,2019-06-26 10:15:00,975,975,2019-06-27 00:00:00,
18130--SL-8 R/B,25893--SL-8 R/B,0.834595555556,2019-06-26 20:01:49.056000,4.3953603276,4.33751063626,-0.125159722494,0.699663443102,14.509215961,-0.00994568387027,14.2712963866,2.61674384119,47.0551482642,151.17944394,974.511118671,2019-06-26 00:36:46,2019-06-26 11:11:32,975,975,2019-06-27 00:00:00,
20670--METEOR 2-19,13113--METEOR 2-8,0.84849431713,2019-06-26 20:21:49.909000,2.53893264599,2.52798402095,0.0297953592336,0.233640765389,14.5967751735,0.0112497897513,14.4663923105,-1.94658994859,-13.4534559346,106.097901075,963.932421734,2019-06-26 10:45:46,2019-06-26 12:03:11,975N,LEO,2019-06-27 00:00:00,
9848--SL-8 R/B,17159--COSMOS 1802,0.864735428241,2019-06-26 20:45:13.141000,2.39646289387,1.9380118577,0.860311315366,1.11669551883,11.681001084,-0.0162207806567,9.26626726938,-7.11208929242,78.3996166293,75.5575490486,997.870600285,2019-06-26 03:03:34,2019-06-26 08:25:55,975,975,2019-06-27 00:00:00,
6206--COSMOS 521,10692--COSMOS 991,0.873117685185,2019-06-26 20:57:17.368000,3.86779389823,3.0680555719,-1.50899927363,-1.8082549154,11.2726374392,-0.0208124779512,8.63736805429,-7.24346566031,-63.1115147319,83.0527116636,999.137392837,2019-06-26 16:18:11,2019-06-25 12:25:20,975,975,2019-06-27 00:00:00,
22487--COSMOS 2233,23189--COSMOS 2285,0.87932462963,2019-06-26 21:06:13.648000,4.23120139902,4.18212769585,-0.446755592487,0.461825351476,10.2728678961,-0.0446096560873,7.17906971005,7.3478420565,-72.6947992103,17.3037041286,1014.69196238,2019-06-26 17:01:18,2019-06-26 01:13:12,975,975,2019-06-27 00:00:00,
5238--COSMOS 422,25590--COSMOS 2361,0.882811724537,2019-06-26 21:11:14.933000,4.68906865071,0.058535090508,2.00681618176,-4.2375260786,13.2757455896,-0.0348981308372,11.9979346497,5.68276052815,61.9484772661,-136.554371426,1013.11648934,2019-06-26 04:09:57,2019-06-26 10:26:40,975,975,2019-06-27 00:00:00,
15506--SL-8 R/B,17526--SL-8 R/B,0.887573125,2019-06-26 21:18:06.318000,4.06812713467,-2.36457505913,2.22921699276,-2.44725045159,10.8492009274,0.0305743374697,8.03565342452,7.28920434705,-79.4571486984,-164.930401642,1026.7013574,2019-06-26 08:18:19,2019-06-26 11:18:46,975,975,2019-06-27 00:00:00,
17240--SL-8 R/B,21090--SL-8 R/B,0.899491909722,2019-06-26 21:35:16.101000,2.79822795523,1.74937948085,0.306227392554,2.16240049608,14.5433417288,-0.00464724570619,14.4003080139,-2.03467347482,-28.5942356164,165.367670062,1003.38863229,2019-06-26 12:21:41,2019-06-26 04:16:49,975,975,2019-06-27 00:00:00,
25893--SL-8 R/B,4783--COSMOS 381,0.901767511574,2019-06-26 21:38:32.713000,4.72433399262,3.63470076313,-2.27970716069,-1.97767977637,9.67157965708,0.00355077182056,6.34073227921,-7.3030510486,73.3516147503,110.126732188,984.383172084,2019-06-26 11:11:32,2019-06-26 15:59:30,975,975,2019-06-27 00:00:00,
14966--SL-8 R/B,16510--COSMOS 1727,0.902936539352,2019-06-26 21:40:13.717000,3.03742753011,-2.6555568852,-0.43003935834,1.41033676134,14.0463549347,-0.019277265448,13.4470738243,4.05905418806,-65.0508567507,12.4087599534,1017.52554021,2019-06-26 11:47:08,2019-06-26 10:15:00,975,975,2019-06-27 00:00:00,
18130--SL-8 R/B,25893--SL-8 R/B,0.907280902778,2019-06-26 21:46:29.070000,4.38866600331,4.38323149803,-0.0361872735765,0.215316986128,14.5092727638,-0.0100779201803,14.2713462275,2.61678646894,47.0664824442,124.889556705,974.505478096,2019-06-26 21:32:44,2019-06-26 11:11:32,975,975,2019-06-27 00:00:00,
20670--METEOR 2-19,13113--METEOR 2-8,0.92073556713,2019-06-26 22:05:51.553000,3.80080401354,2.50690040139,-0.383184645547,-2.83103003416,14.5967627286,0.0117202431691,14.4663808364,-1.9465791247,-13.3629238283,79.9499543818,963.919711789,2019-06-26 10:45:46,2019-06-26 12:03:11,975N,LEO,2019-06-27 00:00:00,
20805--SL-8 R/B,21089--COSMOS 2123,0.939095787037,2019-06-26 22:32:17.876000,4.60385947977,-4.57951619105,0.0849001001703,-0.465129593049,14.4652021931,-0.0179034962334,14.199670918,2.75882217104,49.9873970487,-12.6770241627,980.530092033,2019-06-26 12:21:57,2019-06-26 05:15:22,975,975,2019-06-27 00:00:00,
16292--SL-8 R/B,33397--SL-24 R/B,0.94244087963,2019-06-26 22:37:06.892000,4.83371583299,-3.63282645944,2.04525519074,-2.44628532155,11.4694814075,0.220146738814,8.95623961611,7.16144616048,79.7675653087,56.12680125,983.468203612,2019-06-26 22:08:43,2019-06-26 17:01:27,975,LEO,2019-06-27 00:00:00,
14966--SL-8 R/B,16510--COSMOS 1727,0.975733993056,2019-06-26 23:25:03.417000,2.74370979323,-2.71132853616,-0.125124541086,0.401229171004,14.0462405677,-0.0195778612267,13.44696385,4.05902131188,-65.037482759,-13.914156383,1017.55252656,2019-06-26 11:47:08,2019-06-26 10:15:00,975,975,2019-06-27 00:00:00,
18130--SL-8 R/B,25893--SL-8 R/B,0.979966203704,2019-06-26 23:31:09.080000,4.41027672713,4.39847103635,0.0612370662968,-0.31661234024,14.5093633744,-0.0101858444398,14.2714343083,2.61680808702,47.0780256664,98.6001825751,974.469578907,2019-06-26 21:32:44,2019-06-26 11:11:32,975,975,2019-06-27 00:00:00,
24953--COSMOS 2346,15099--METEOR 2-11,0.991857453704,2019-06-26 23:48:16.484000,3.84239136158,-3.23071464963,0.275733032132,-2.06165601476,14.6161564989,0.00713528800563,14.488437902,1.92799041689,-16.6208863722,-179.499122343,957.749978698,2019-06-26 16:59:08,2019-06-26 08:59:22,975,975N,2019-06-27 00:00:00,

